32.5632              0              0              0  ;
32.1039        1.62816        1.62816       -16.3833  ;
38.0845        1.60519        3.23335       -13.8707  ;
39.1081        1.90423        5.13758       -10.9933  ;
31.4722        1.95541        7.09299       -8.14841  ;
28.2126        1.57361         8.6666       -5.93498  ;
21.2537        1.41063        10.0772       -4.00508  ;
13.9307        1.06268        11.1399       -2.58345  ;
1.27955       0.696534        11.8364       -1.66607  ;
-11.4859      0.0639774        11.9004       -1.58237  ;
-19.0209      -0.574297        11.3261       -2.33709  ;
-1.55382      -0.951044        10.3751       -3.60389  ;
73.672     -0.0776912        10.2974       -3.70833  ;
48.0325         3.6836         13.981        1.09022  ;
49.3021        2.40162        16.3826        4.06312  ;
49.7135        2.46511        18.8477        7.00156  ;
51.2631        2.48567        21.3334        9.86101  ;
72.608        2.56316        23.8965        12.7136  ;
83.6636         3.6304        27.5269        16.6119  ;
76.6015        4.18318        31.7101        20.9378  ;
70.4656        3.83007        35.5402        24.7827  ;
71.7187        3.52328        39.0635        28.2529  ;
79.4537        3.58594        42.6494        31.7459  ;
88.8611        3.97269        46.6221        35.5989  ;
89.7063        4.44305        51.0652        39.9231  ;
86.1329        4.48532        55.5505        44.3411  ;
80.362        4.30665        59.8571        48.6637  ;
69.9919         4.0181        63.8752        52.7905  ;
71.5567         3.4996        67.3748        56.4719  ;
98.158        3.57783        70.9526        60.3297  ;
89.6716         4.9079        75.8605        65.7896  ;
-34.0444        4.48358        80.3441        70.9573  ;
-107.629       -1.70222        78.6419        68.9747  ;
-77.7753       -5.38147        73.2604        62.8721  ;
-103.115       -3.88876        69.3717        58.6128  ;
12.0416       -5.15574        64.2159        53.1451  ;
51.8944        0.60208         64.818        53.7738  ;
83.0975        2.59472        67.4127        56.5123  ;
-76.2049        4.15487        71.5676        61.0029  ;
-61.9995       -3.81025        67.7574        56.8797  ;
-72.6421       -3.09997        64.6574        53.6058  ;
82.7574       -3.63211        61.0253        49.8533  ;
70.9506        4.13787        65.1631        54.1353  ;
62.3291        3.54753        68.7107        57.9008  ;
18.1387        3.11645        71.8271         61.288  ;
-70.6425       0.906934        72.7341        62.2884  ;
-65.505       -3.53213        69.2019        58.4296  ;
-77.8634       -3.27525        65.9267         54.938  ;
69.1255       -3.89317        62.0335        50.8865  ;
64.8966        3.45628        65.4898        54.4782  ;
69.2454        3.24483        68.7346        57.9265  ;
-32.0894        3.46227        72.1969         61.695  ;
-62.7303       -1.60447        70.5924        59.9368  ;
