32.5632              0              0              0  ;
32.1039         4.1685         4.1685       -11.7855  ;
38.0845        4.17269        8.34119       -5.01576  ;
39.1081        3.44373        11.7849       0.155737  ;
31.4722        3.51194        15.2969        5.08782  ;
28.2126        4.11877        19.4156        10.4871  ;
21.2537        4.60735         24.023        16.1076  ;
13.9307        5.29347        29.3164        22.1203  ;
1.27955        6.28478        35.6012        28.7911  ;
-11.4859        7.79288        43.3941        36.5983  ;
-19.0209        9.33131        52.7254        45.6336  ;
-1.55382        11.0422        63.7676        56.3756  ;
73.672        11.6572        75.4248        68.2392  ;
48.0325       -0.13237        75.2925        68.1002  ;
49.3021       -4.85254        70.4399         63.077  ;
49.7135       -5.30474        65.1352        57.7321  ;
51.2631       -4.44083        60.6943        53.3537  ;
72.608        -3.3443          57.35        50.0989  ;
83.6636       -2.38416        54.9659        47.7936  ;
76.6015      -0.968828         53.997        46.8591  ;
70.4656          1.144         55.141        47.9627  ;
71.7187        2.90485        58.0459        50.7738  ;
79.4537         2.9348        60.9807        53.6338  ;
88.8611         1.0495        62.0302         54.663  ;
89.7063       -1.18253        60.8477        53.5036  ;
86.1329       -1.76741        59.0802        51.7791  ;
80.362       0.311761         59.392        52.0826  ;
69.9919        1.61888        61.0109        53.6634  ;
71.5567        4.97071        65.9816        58.5758  ;
98.158        4.14744         70.129        62.7598  ;
89.6716       -4.76018        65.3689        57.9647  ;
-34.0444       -13.8194        51.5495        44.5008  ;
-107.629       -7.37937        44.1701        37.3576  ;
-77.7753        12.0776        56.2477        49.0319  ;
-103.115        12.1433         68.391        60.9958  ;
12.0416        12.0929        80.4839         73.634  ;
51.8944       -12.3218        68.1621        60.7647  ;
83.0975       -14.8951         53.267        46.1554  ;
-76.2049       -14.9514        38.3156        31.5557  ;
-61.9995        15.7617        54.0773        46.9365  ;
-72.6421        13.3662        67.4435        60.0408  ;
82.7574        16.4279        83.8714        77.3389  ;
70.9506       -10.6821        73.1893        65.9061  ;
62.3291       -12.9102        60.2791        52.9479  ;
18.1387       -15.8138        44.4653        37.6459  ;
-70.6425       -6.72772        37.7376        30.9718  ;
-65.505        15.2707        53.0083        45.9062  ;
-77.8634        13.2437         66.252        58.8461  ;
69.1255        15.7679        82.0199        75.3047  ;
64.8966       -10.2542        71.7657        64.4359  ;
69.2454       -13.4933        58.2724        50.9937  ;
-32.0894       -16.1654         42.107        35.3332  ;
-62.7303        1.66605         43.773        36.9694  ;
