0.025467         0.000967344           0.0898863  ;
0.0252034         0.000948751           0.0889933  ;
0.0258048          0.00101843           0.0917694  ;
0.0262192          0.00105263           0.0932758  ;
0.024306          0.00088621           0.0859358  ;
0.0243745         0.000926159           0.0871859  ;
0.0240497          0.00100857           0.0890774  ;
0.0249293          0.00126291           0.0970664  ;
0.0257865          0.00179973            0.111011  ;
0.0260702          0.00256756            0.127421  ;
0.0289574          0.00360946            0.149131  ;
0.0370402          0.00400855             0.16402  ;
0.00969747         0.000150588           0.0349735  ;
-0.0209191         0.000683048           0.0748551  ;
-0.0223441         0.000783695           0.0800922  ;
-0.0190164         0.000565669           0.0680916  ;
-0.0142033         0.000325517           0.0513444  ;
-0.00076073        7.18346e-005            0.019028  ;
0.0102613           0.0002908           0.0445025  ;
0.0177629         0.000493918           0.0636175  ;
0.0236415         0.000817151            0.082948  ;
0.024348         0.000876171           0.0857029  ;
0.0192425         0.000613816            0.070146  ;
0.0121541         0.000460271           0.0551359  ;
0.00885089         0.000366546           0.0471638  ;
0.0153786         0.000407305           0.0567366  ;
0.0180769         0.000467364           0.0630134  ;
0.0275532          0.00123508           0.0998564  ;
0.0200272         0.000828347            0.078404  ;
-0.0144203         0.000347142           0.0526824  ;
-0.036838          0.00450284            0.171171  ;
-0.0189083          0.00225082              0.1142  ;
0.0325973           0.0030351            0.143138  ;
0.0378662          0.00338124            0.155163  ;
0.0354812          0.00304746            0.146737  ;
-0.0294971          0.00496638            0.170828  ;
-0.0417887           0.0058633            0.195059  ;
-0.0414312          0.00539788            0.188606  ;
0.0417223          0.00635031            0.201135  ;
0.0350242          0.00458605            0.170481  ;
0.0464782          0.00681464            0.211836  ;
-0.0286597          0.00251294            0.129119  ;
-0.032267          0.00427136             0.16298  ;
-0.0471702          0.00636247            0.207214  ;
-0.0131563          0.00157137           0.0933932  ;
0.0452687          0.00581538            0.198301  ;
0.0345352          0.00446836            0.168241  ;
0.0451822          0.00612126            0.202023  ;
-0.0259014          0.00249706            0.125856  ;
-0.0363592          0.00464203            0.172685  ;
-0.0464224          0.00657002            0.208867  ;
0.00552546        4.98077e-005           0.0200423  ;
0.0424617          0.00524099             0.18767  ;
